---------------------------------------------------------------------------------------------
Batch Gradient Descent
Experiment 0
Mean iteration time: 0.04845899105072021
Total time taken: 4.846108913421631
[0 0 1 0 0 0 1 0 0 1 0 1 0 1 0 0 1 0 0 1 1 1 0 1 1 1 0 0 1 1 1 1 0 1 1 1 1
 1 0 1 0 1 0 1 0 0 1 1 0 1 0 0 1 1 0 1 0 1 0 0 0 0 1 0 1 1 0 0 1 1 1 1 0 0
 1 0 1 1 0 1 1 0 1 0 0 1 0 1 0 1 1 1 1 0 0 1 0 0 1 0 1 0 1 0 1 1 0 1 0 0 1
 1 1 1 0 0 1 0 0 0 1 1 1 0 0 0 0 1 1 0 0 1 0 1 0 0 0 0 1 1 0 0 1 1 0 1 1 0
 1 1 1 0 0 0 0 0 0 1 1 0 0 1 1 1 0 1 1 0 1 0 1 0 0 0 1 0 1 0 0 0 0 0 1 1 1
 0 0 0 1 1 0 1 0 1 1 1 0 0 1 1 0 0 0 1 1 1 1 1 1 0 0 0 0 1 0 1 0 1 1 0 0 1
 0 1 0 0 0 0 1 0 0 1 0 1 1 0 1 0 0 0 1 1 0 0 0 0 1 1 1 1]
Mean accuracy: 0.912, std: 0.0
---------------------------------------------------------------------------------------------
Stochastic Gradient Descent
Experiment 0
Mean iteration time: 0.020273044109344482
Total time taken: 2.0275487899780273
[0 0 1 0 0 0 1 0 0 1 0 1 0 1 0 0 1 0 0 1 1 1 0 1 1 0 0 0 1 1 0 1 0 1 1 1 0
 1 0 1 0 1 0 1 0 0 1 1 0 1 0 0 1 1 0 1 0 1 0 0 0 0 1 0 1 1 0 0 1 1 1 1 0 0
 1 0 1 1 0 1 1 0 1 0 0 1 0 1 0 1 1 1 1 0 0 1 0 0 1 0 1 0 1 0 1 1 0 1 0 0 1
 1 1 1 0 0 1 0 0 0 1 1 1 0 0 0 0 1 1 0 0 1 0 1 0 0 0 0 1 1 0 0 1 1 0 1 1 0
 1 1 1 0 0 0 0 0 0 1 1 0 0 1 1 1 0 1 1 0 1 0 1 0 0 0 1 0 1 0 0 0 0 0 1 1 1
 0 0 0 0 1 0 1 0 1 1 1 0 0 1 0 0 0 0 1 1 1 1 1 1 0 0 0 0 0 0 1 0 1 1 0 0 1
 0 1 0 0 0 0 1 0 0 1 0 1 1 0 1 0 0 0 1 1 0 0 0 0 1 1 1 1]
Mean accuracy: 0.904, std: 0.0
---------------------------------------------------------------------------------------------
Mini Batch Gradient Descent
Experiment 0
Mean iteration time: 0.022084081172943117
Total time taken: 2.2085938453674316
[0 0 1 0 0 0 1 0 0 1 0 1 0 1 0 0 1 1 0 1 1 1 0 1 1 0 0 0 1 1 1 1 0 1 1 1 1
 1 0 1 0 1 0 1 0 0 1 1 0 1 0 0 1 1 0 1 0 1 0 0 0 0 1 0 1 1 0 0 1 1 1 1 0 0
 1 0 1 1 0 1 1 0 1 0 0 1 0 1 0 1 1 1 1 0 0 1 0 0 1 0 1 0 1 0 1 1 0 1 0 0 1
 1 1 1 0 0 1 0 0 0 1 1 1 0 0 0 0 1 1 0 0 1 0 1 0 0 0 0 1 1 0 0 1 1 0 1 1 0
 1 1 1 0 0 0 0 0 0 1 1 0 0 1 1 1 0 1 1 0 1 0 1 0 1 1 1 0 1 0 0 0 0 0 1 1 1
 0 0 0 1 1 0 1 0 1 1 1 0 0 1 1 0 0 0 1 1 1 1 1 1 0 0 0 0 1 0 1 0 1 1 0 0 1
 0 1 0 0 0 0 1 0 0 1 0 1 1 0 1 0 0 0 1 1 0 0 0 0 1 1 1 1]
Mean accuracy: 0.912, std: 0.0
