---------------------------------------------------------------------------------------------
Extra Credit Decision Tree
Test accuracy score: 0.841667
Confusion matrix:
[[28  0  1  0  0  0  0  0  0  0]
 [ 0 25  0  0  0  0  0  0  3  3]
 [ 0  2 33  0  2  0  0  1  2  1]
 [ 0  0  1 30  2  2  0  1  3  0]
 [ 0  0  0  1 31  0  2  0  0  1]
 [ 1  0  0  2  0 38  1  0  0  0]
 [ 0  0  0  0  0  1 34  0  0  1]
 [ 0  1  0  0  0  0  0 33  1  1]
 [ 0  4  4  0  0  0  0  0 25  4]
 [ 0  3  0  1  1  2  0  0  1 26]]
Classification report:
              precision    recall  f1-score   support

           0       0.97      0.97      0.97        29
           1       0.71      0.81      0.76        31
           2       0.85      0.80      0.83        41
           3       0.88      0.77      0.82        39
           4       0.86      0.89      0.87        35
           5       0.88      0.90      0.89        42
           6       0.92      0.94      0.93        36
           7       0.94      0.92      0.93        36
           8       0.71      0.68      0.69        37
           9       0.70      0.76      0.73        34

    accuracy                           0.84       360
   macro avg       0.84      0.84      0.84       360
weighted avg       0.84      0.84      0.84       360

Training accuracy score: 0.850350 (0.030809)
---------------------------------------------------------------------------------------------
Extra Credit Decision Tree Max Depth 4
Test accuracy score: 0.566667
Confusion matrix:
[[29  0  0  0  0  0  0  0  0  0]
 [ 0  3  0 23  4  0  0  1  0  0]
 [ 0  8  0 29  2  0  2  0  0  0]
 [ 0  6  0 30  0  0  0  3  0  0]
 [ 0  1  0  1 32  1  0  0  0  0]
 [ 1  2  0  0  1 38  0  0  0  0]
 [ 0  1  0  1  2  2 30  0  0  0]
 [ 0  1  0  1  1  0  0 33  0  0]
 [ 0  2  0 31  1  2  0  1  0  0]
 [ 0  1  0 18  1  0  0  5  0  9]]
Classification report:
              precision    recall  f1-score   support

           0       0.97      1.00      0.98        29
           1       0.12      0.10      0.11        31
           2       0.00      0.00      0.00        41
           3       0.22      0.77      0.35        39
           4       0.73      0.91      0.81        35
           5       0.88      0.90      0.89        42
           6       0.94      0.83      0.88        36
           7       0.77      0.92      0.84        36
           8       0.00      0.00      0.00        37
           9       1.00      0.26      0.42        34

    accuracy                           0.57       360
   macro avg       0.56      0.57      0.53       360
weighted avg       0.55      0.57      0.52       360

Training accuracy score: 0.553948 (0.036101)
---------------------------------------------------------------------------------------------
Extra Credit K Nearest Neighbors
Test accuracy score: 0.986111
Confusion matrix:
[[29  0  0  0  0  0  0  0  0  0]
 [ 0 31  0  0  0  0  0  0  0  0]
 [ 0  0 41  0  0  0  0  0  0  0]
 [ 0  0  0 38  0  0  0  1  0  0]
 [ 0  0  0  0 35  0  0  0  0  0]
 [ 0  0  0  0  0 41  1  0  0  0]
 [ 0  0  0  0  0  0 36  0  0  0]
 [ 0  0  0  0  0  0  0 36  0  0]
 [ 0  0  0  1  0  0  0  0 36  0]
 [ 0  0  0  0  0  2  0  0  0 32]]
Classification report:
              precision    recall  f1-score   support

           0       1.00      1.00      1.00        29
           1       1.00      1.00      1.00        31
           2       1.00      1.00      1.00        41
           3       0.97      0.97      0.97        39
           4       1.00      1.00      1.00        35
           5       0.95      0.98      0.96        42
           6       0.97      1.00      0.99        36
           7       0.97      1.00      0.99        36
           8       1.00      0.97      0.99        37
           9       1.00      0.94      0.97        34

    accuracy                           0.99       360
   macro avg       0.99      0.99      0.99       360
weighted avg       0.99      0.99      0.99       360

Training accuracy score: 0.988160 (0.007004)
---------------------------------------------------------------------------------------------
Extra Credit K Means Clustering
Test accuracy score: 0.011111
Confusion matrix:
[[ 0 29  0  0  0  0  0  0  0  0]
 [ 7  1 23  0  0  0  0  0  0  0]
 [38  0  3  0  0  0  0  0  0  0]
 [36  0  3  0  0  0  0  0  0  0]
 [ 0 27  8  0  0  0  0  0  0  0]
 [17  4 21  0  0  0  0  0  0  0]
 [ 1 35  0  0  0  0  0  0  0  0]
 [ 0  0 36  0  0  0  0  0  0  0]
 [13  0 24  0  0  0  0  0  0  0]
 [27  0  7  0  0  0  0  0  0  0]]
Classification report:
              precision    recall  f1-score   support

           0       0.00      0.00      0.00        29
           1       0.01      0.03      0.02        31
           2       0.02      0.07      0.04        41
           3       0.00      0.00      0.00        39
           4       0.00      0.00      0.00        35
           5       0.00      0.00      0.00        42
           6       0.00      0.00      0.00        36
           7       0.00      0.00      0.00        36
           8       0.00      0.00      0.00        37
           9       0.00      0.00      0.00        34

    accuracy                           0.01       360
   macro avg       0.00      0.01      0.01       360
weighted avg       0.00      0.01      0.01       360

Training accuracy score: 0.070280 (0.069783)
---------------------------------------------------------------------------------------------
Extra Credit Back propagation
Test accuracy score: 0.930556
Confusion matrix:
[[28  0  0  0  0  1  0  0  0  0]
 [ 0 26  0  0  0  0  0  0  3  2]
 [ 0  0 41  0  0  0  0  0  0  0]
 [ 0  0  0 37  0  1  0  0  0  1]
 [ 0  1  0  1 33  0  0  0  0  0]
 [ 0  0  0  1  0 39  2  0  0  0]
 [ 0  1  0  0  0  0 35  0  0  0]
 [ 0  1  0  0  1  0  0 32  1  1]
 [ 0  2  0  0  0  0  1  0 34  0]
 [ 0  2  1  0  0  1  0  0  0 30]]
Classification report:
              precision    recall  f1-score   support

           0       1.00      0.97      0.98        29
           1       0.79      0.84      0.81        31
           2       0.98      1.00      0.99        41
           3       0.95      0.95      0.95        39
           4       0.97      0.94      0.96        35
           5       0.93      0.93      0.93        42
           6       0.92      0.97      0.95        36
           7       1.00      0.89      0.94        36
           8       0.89      0.92      0.91        37
           9       0.88      0.88      0.88        34

    accuracy                           0.93       360
   macro avg       0.93      0.93      0.93       360
weighted avg       0.93      0.93      0.93       360

Training accuracy score: 0.929706 (0.028927)
